11
4 4
0000
0210
0130
0000
7 7
0000000
0211000
0100000
0111000
0100300
0111100
0000000
4 4
0000
0200
0030
0000
6 6 
000000
020000
011110
010010
030010
000000
9 9
000000000
021111100
010000100
010000100
010000000
011111100
010000000
011130000
000000000
5 5
21000
01000
01000
01000
03000
10 10
0000000000
0211111100
0100000100
0100000100
0111000100
0101000100
0101000000
0100000000
0111111300
0000000000
3 3
000
020
000
12 12
000000000000
020000000000
010000000000
010000000000
010000000000
010000000000
010000000000
010000000000
010000000000
010000000000
030000000000
000000000000
4 4
0000
0200
0130
0000
5 5
00000
02100
01000
00030
00000
